[5.7994300000000001, -0.0, 0.55539000000000005, 1.454, 4.3329800000000001, 4.0, 3.0, 2.85819]
[[0 1 1 0 0 0 0 0]
 [1 0 1 0 0 0 0 0]
 [1 1 0 1 1 0 0 0]
 [0 0 1 0 0 1 0 0]
 [0 0 1 0 0 1 1 1]
 [0 0 0 1 1 0 1 0]
 [0 0 0 0 1 1 0 1]
 [0 0 0 0 1 0 1 0]]
0.2857142857142857
0.20184760095754012
0.211511963279
0.09887790521114533
0.4666666666666667
0.0
0.2857142857142857
0.20184760095754012
0.211511963279
0.09887790521114533
0.4666666666666667
0.0
0.5714285714285714
0.3982353060238607
0.402897770431
0.17931556702314358
0.7
0.5158730158730158
0.2857142857142857
0.2687582011216331
0.272208956138
0.09444911985152071
0.5384615384615384
0.07142857142857142
0.5714285714285714
0.5114846166569684
0.505595347717
0.17119590130946447
0.7
0.4126984126984126
0.42857142857142855
0.4007739041245538
0.397491477235
0.13268473354897836
0.5384615384615384
0.10317460317460315
0.42857142857142855
0.4112481302023404
0.40645869517
0.13205465856480586
0.5384615384615384
0.03968253968253967
0.2857142857142857
0.31037316643426666
0.30865231017
0.09254420927979624
0.4666666666666667
0.0
2.0
2.5340138511953993
2.39038652888
1.937620607692531
1.4999999999999998
infinity
